================================================================================
HIGH LONESOME 100 LOTTERY SIMULATION RESULTS
================================================================================

Simulation Parameters:
  Iterations:      10,000
  Main spots:      96
  Waitlist spots:  125
  Total spots:     221

--------------------------------------------------------------------------------
Tickets    Entrants   Main %       Waitlist %   Either %
--------------------------------------------------------------------------------
2.0        490        5.41         8.38         13.80
2.83       32         7.64         11.38        19.02
3.12       1          7.98         12.28        20.26
3.39       5          8.99         13.23        22.21
3.51       1          9.24         14.70        23.94
3.83       6          10.13        14.78        24.92
4.0        172        10.56        15.15        25.71
4.2        4          11.02        15.41        26.43
4.21       2          11.12        16.19        27.32
4.51       4          11.63        16.41        28.03
4.77       5          12.37        17.39        29.76
4.83       1          12.38        18.08        30.46
4.9        1          12.82        17.18        30.00
5.01       1          13.44        18.31        31.75
5.03       1          12.98        17.91        30.89
5.05       1          12.80        18.38        31.18
5.22       1          13.59        18.08        31.67
5.39       3          14.37        19.16        33.53
5.58       1          14.59        19.49        34.08
5.62       1          14.87        19.43        34.30
5.66       14         14.59        19.86        34.46
5.74       2          14.64        19.95        34.59
5.83       3          15.08        20.07        35.15
6.03       1          15.24        20.40        35.64
6.18       1          15.78        20.90        36.68
6.2        1          15.59        20.93        36.52
6.3        1          16.71        21.22        37.93
6.41       1          16.23        20.86        37.09
6.51       3          16.49        21.94        38.43
6.77       3          17.57        22.49        40.06
6.8        2          17.73        22.69        40.42
7.04       1          18.40        23.46        41.86
7.22       1          18.00        22.85        40.85
7.41       1          17.71        24.02        41.73
7.49       1          19.26        24.01        43.27
8.0        87         20.05        24.91        44.96
8.39       1          20.74        25.55        46.29
8.5        1          21.49        25.89        47.38
8.67       1          21.60        26.04        47.64
8.88       1          21.61        26.51        48.12
9.39       1          22.92        27.18        50.10
10.51      1          25.20        28.61        53.81
10.77      3          26.16        29.48        55.64
11.01      1          25.79        30.11        55.90
11.24      1          26.04        30.09        56.13
11.31      6          27.04        29.94        56.98
11.58      2          27.26        30.29        57.55
11.74      1          27.76        30.57        58.33
12.8       1          30.42        31.19        61.61
13.03      1          30.38        31.81        62.19
16.0       24         36.12        33.65        69.77
16.89      1          37.75        34.10        71.85
18.77      1          40.65        35.13        75.78
19.74      1          42.34        34.55        76.89
20.8       1          44.42        34.20        78.62
22.63      2          46.89        34.26        81.15
24.48      1          49.82        33.73        83.55
32.0       4          59.06        31.77        90.83
45.25      2          72.04        24.57        96.60
--------------------------------------------------------------------------------

Total entrants: 915
Total tickets in pool: 3833.5
